Ala	Arg	Asn	Asp	Cys	Gln	Glu	Gly	His	Ile	Leu	Lys	Met	Phe	Pro	Ser	Thr	Trp	Tyr	Val
A	R	N	D	C	Q	E	G	H	I	L	K	M	F	P	S	T	W	Y	V
1.78E-01	9.29E-02	1.24E+00	8.93E-03	1.99E-01	9.52E-01	1.85E+00	5.24E+00	1.14E-01	6.97E-02	7.39E-02	6.30E-02	1.13E-01	1.80E+00	9.99E-01	2.91E+00	7.94E-02	1.43E-01	3.77E+00	6.54E-02
9.29E-02	7.83E-01	5.80E-02	1.82E-01	1.92E+00	6.27E-02	1.09E+00	1.05E+01	3.25E-01	3.93E-01	7.55E+00	3.36E-01	8.21E-02	3.50E-01	1.93E+00	1.14E+00	5.72E-01	1.71E-01	1.37E-01	4.71E-02
1.24E+00	5.80E-02	7.19E+00	1.37E-06	8.71E-02	5.04E-01	4.87E-01	1.41E+01	1.76E+00	2.77E-02	6.19E+00	3.97E-02	1.96E-01	7.34E-03	7.35E+00	2.15E+00	7.31E-04	2.62E+00	4.93E-02	3.17E-02
8.93E-03	1.82E-01	1.37E-06	2.34E-02	1.84E-01	7.43E+00	2.11E+00	1.13E+01	3.92E-02	3.02E-02	6.62E-02	3.36E-02	1.03E-01	1.51E-01	5.82E-01	1.52E-01	1.42E-02	9.08E-01	4.08E-01	4.69E-02
1.99E-01	1.92E+00	8.71E-02	1.84E-01	1.05E-08	7.52E-11	5.89E-02	3.96E+00	6.59E-04	6.08E-03	3.72E-16	7.21E-03	1.99E-01	4.88E-03	2.64E-01	3.23E-06	4.44E-01	7.74E-01	2.24E-02	2.15E-02
9.52E-01	6.27E-02	5.04E-01	7.43E+00	7.52E-11	3.69E+00	5.52E-02	8.91E+00	6.71E-06	6.80E-01	3.03E+00	1.23E-03	1.50E-03	7.43E-01	5.91E-04	1.20E-01	4.33E-05	2.74E-02	9.05E-03	4.24E-02
1.85E+00	1.09E+00	4.87E-01	2.11E+00	5.89E-02	5.52E-02	1.39E+00	7.30E+00	1.03E-04	1.28E-03	3.61E+00	7.66E-02	5.29E-02	2.89E-02	6.78E-02	6.02E-02	2.25E-02	1.24E-01	5.80E-01	2.84E-02
5.24E+00	1.05E+01	1.41E+01	1.13E+01	3.96E+00	8.91E+00	7.30E+00	9.14E+00	3.56E-02	2.16E-02	5.50E-02	2.19E-02	1.98E-01	7.92E-02	9.98E-01	7.86E-02	1.39E-01	2.30E-01	4.23E-01	1.01E-01
1.14E-01	3.25E-01	1.76E+00	3.92E-02	6.59E-04	6.71E-06	1.03E-04	3.56E-02	4.71E+00	5.88E+00	1.46E+00	2.30E+00	5.64E+00	1.05E+01	5.44E+00	3.44E+00	7.01E+00	2.06E+01	6.89E+00	9.81E-03
6.97E-02	3.93E-01	2.77E-02	3.02E-02	6.08E-03	6.80E-01	1.28E-03	2.16E-02	5.88E+00	1.60E+00	5.06E-01	1.10E+01	2.71E+00	5.02E-02	6.01E-01	3.09E+00	6.32E-02	2.90E-01	7.93E+00	3.42E-02
7.39E-02	7.55E+00	6.19E+00	6.62E-02	3.72E-16	3.03E+00	3.61E+00	5.50E-02	1.46E+00	5.06E-01	2.16E-02	5.65E+00	3.39E+00	1.15E+00	1.58E-01	5.70E-01	3.38E-01	1.52E-01	3.60E+00	6.22E-02
6.30E-02	3.36E-01	3.97E-02	3.36E-02	7.21E-03	1.23E-03	7.66E-02	2.19E-02	2.30E+00	1.10E+01	5.65E+00	1.24E+00	4.65E-03	9.95E-03	8.69E-02	1.04E+00	8.02E-03	7.11E-02	3.49E-02	4.84E-02
1.13E-01	8.21E-02	1.96E-01	1.03E-01	1.99E-01	1.50E-03	5.29E-02	1.98E-01	5.64E+00	2.71E+00	3.39E+00	4.65E-03	3.95E+00	7.42E-02	1.86E-02	1.42E+00	1.01E-01	2.25E-03	4.40E+00	1.76E-02
1.80E+00	3.50E-01	7.34E-03	1.51E-01	4.88E-03	7.43E-01	2.89E-02	7.92E-02	1.05E+01	5.02E-02	1.15E+00	9.95E-03	7.42E-02	3.56E-01	9.81E-01	3.67E-02	2.20E-01	7.07E+00	1.64E+00	3.48E-02
9.99E-01	1.93E+00	7.35E+00	5.82E-01	2.64E-01	5.91E-04	6.78E-02	9.98E-01	5.44E+00	6.01E-01	1.58E-01	8.69E-02	1.86E-02	9.81E-01	1.28E+00	9.06E-01	5.52E-03	1.99E-01	2.22E-01	3.96E-02
2.91E+00	1.14E+00	2.15E+00	1.52E-01	3.23E-06	1.20E-01	6.02E-02	7.86E-02	3.44E+00	3.09E+00	5.70E-01	1.04E+00	1.42E+00	3.67E-02	9.06E-01	3.06E+00	1.39E-01	8.10E-01	7.48E-02	1.28E-01
7.94E-02	5.72E-01	7.31E-04	1.42E-02	4.44E-01	4.33E-05	2.25E-02	1.39E-01	7.01E+00	6.32E-02	3.38E-01	8.02E-03	1.01E-01	2.20E-01	5.52E-03	1.39E-01	1.41E-02	9.98E-02	2.17E-01	8.20E-02
1.43E-01	1.71E-01	2.62E+00	9.08E-01	7.74E-01	2.74E-02	1.24E-01	2.30E-01	2.06E+01	2.90E-01	1.52E-01	7.11E-02	2.25E-03	7.07E+00	1.99E-01	8.10E-01	9.98E-02	6.12E-01	9.66E-02	3.39E-02
3.77E+00	1.37E-01	4.93E-02	4.08E-01	2.24E-02	9.05E-03	5.80E-01	4.23E-01	6.89E+00	7.93E+00	3.60E+00	3.49E-02	4.40E+00	1.64E+00	2.22E-01	7.48E-02	2.17E-01	9.66E-02	5.01E-01	7.59E-02
6.54E-02	4.71E-02	3.17E-02	4.69E-02	2.15E-02	4.24E-02	2.84E-02	1.01E-01	9.81E-03	3.42E-02	6.22E-02	4.84E-02	1.76E-02	3.48E-02	3.96E-02	1.28E-01	8.20E-02	3.39E-02	7.59E-02	4.95E-02
